0                   0.116348266602      0.235676765442      
5000                0.126838684082      0.207543373108      
10000               0.128746032715      0.300765037537      
15000               0.128626823425      0.208854675293      
20000               0.123500823975      0.236988067627      
25000               0.135660171509      0.248312950134      
30000               0.134587287903      0.186681747437      
35000               0.109076499939      0.178933143616      
40000               0.14066696167       0.194191932678      
45000               0.132441520691      0.213146209717      
50000               0.123381614685      0.226855278015      
55000               0.110268592834      0.17511844635       
60000               0.110864639282      0.200033187866      
65000               0.125765800476      0.223278999329      
70000               0.121355056763      0.226140022278      
75000               0.122547149658      0.196218490601      
80000               0.125050544739      0.208854675293      
85000               0.118851661682      0.208258628845      
90000               0.120997428894      0.225901603699      
95000               0.12993812561       0.215411186218      
