0                   0.208973884583      
5000                0.221729278564      
10000               0.196933746338      
15000               0.221490859985      
20000               0.186443328857      
25000               0.173807144165      
30000               0.163555145264      
35000               0.176191329956      
40000               0.179171562195      
45000               0.175476074219      
50000               0.189781188965      
55000               0.192880630493      
60000               0.206589698792      
65000               0.183701515198      
70000               0.195026397705      
75000               0.176787376404      
80000               0.18846988678       
85000               0.174045562744      
90000               0.170826911926      
95000               0.17523765564       
